1.0, 0.0, 0.0, 0.0, 0.0, 
2.0, 0.0, 0.0, 0.0, 0.0, 
3.0, 0.0, 0.0, 0.0, 0.0, 
4.0, 0.0, 0.0, 0.0, 0.0, 
5.0, 0.0, 0.0, 0.0, 0.0, 
6.0, 0.0, 0.0, 0.0, 0.0, 
7.0, 0.0, 0.0, 0.0, 0.0, 
8.0, 0.0, 0.0, 0.0, 0.0, 
9.0, 0.0, 0.0, 0.0, 0.0, 
10.0, 0.0, 0.0, 0.0, 0.0, 
11.0, 0.0, 0.0, 0.0, 0.0, 
12.0, 0.0, 0.0, 0.0, 0.0, 
1.0, 0.0001, 0.0, 0.0, 0.0, 
2.0, 0.0001, 0.0, 0.0, 0.0, 
3.0, 0.0001, 0.0, 0.0, 0.0, 
4.0, 0.0001, 0.0, 0.0, 0.0, 
5.0, 0.0001, 0.0, 0.0, 0.0, 
6.0, 0.0001, 0.0, 0.0, 0.0, 
7.0, 0.0001, 0.0, 0.0, 0.0, 
8.0, 0.0001, 0.0, 0.0, 0.0, 
9.0, 0.0001, 0.0, 0.0, 0.0, 
10.0, 0.0001, 0.0, 0.0, 0.0, 
11.0, 0.0001, 0.0, 0.0, 0.0, 
12.0, 0.0001, 0.0, 0.0, 0.0, 
1.0, 60.0, 0.0, 0.0, 0.0, 
2.0, 60.0, 0.0, 0.0, 0.0, 
3.0, 60.0, 0.0, 0.0, 0.0, 
4.0, 60.0, 0.0, 0.0, 0.0, 
5.0, 60.0, 0.0, 0.0, 0.0, 
6.0, 60.0, 0.0, 0.0, 0.0, 
7.0, 60.0, 0.0, 0.0, 0.0, 
8.0, 60.0, 0.0, 0.0, 0.0, 
9.0, 60.0, 0.0, 0.0, 0.0, 
10.0, 60.0, 0.0, 0.0, 0.0, 
11.0, 60.0, 0.0, 0.0, 0.0, 
12.0, 60.0, 0.0, 0.0, 0.0, 
1.0, 120.0, 0.0, 0.0, 0.0, 
2.0, 120.0, 0.0, 0.0, 0.0, 
3.0, 120.0, 0.0, 0.0, 0.0, 
4.0, 120.0, 0.0, 0.0, 0.0, 
5.0, 120.0, 0.0, 0.0, 0.0, 
6.0, 120.0, 0.0, 0.0, 0.0, 
7.0, 120.0, 0.0, 0.0, 0.0, 
8.0, 120.0, 0.0, 0.0, 0.0, 
9.0, 120.0, 0.0, 0.0, 0.0, 
10.0, 120.0, 0.0, 0.0, 0.0, 
11.0, 120.0, 0.0, 0.0, 0.0, 
12.0, 120.0, 0.0, 0.0, 0.0, 
1.0, 180.0, 0.0, 0.0, 0.0, 
2.0, 180.0, 0.0, 0.0, 0.0, 
3.0, 180.0, 0.0, 0.0, 0.0, 
4.0, 180.0, 0.0, 0.0, 0.0, 
5.0, 180.0, 0.0, 0.0, 0.0, 
6.0, 180.0, 0.0, 0.0, 0.0, 
7.0, 180.0, 0.0, 0.0, 0.0, 
8.0, 180.0, 0.0, 0.0, 0.0, 
9.0, 180.0, 0.0, 0.0, 0.0, 
10.0, 180.0, 0.0, 0.0, 0.0, 
11.0, 180.0, 0.0, 0.0, 0.0, 
12.0, 180.0, 0.0, 0.0, 0.0, 
1.0, 240.0, 0.0, 0.0, 0.0, 
2.0, 240.0, 0.0, 0.0, 0.0, 
3.0, 240.0, 0.0, 0.0, 0.0, 
4.0, 240.0, 0.0, 0.0, 0.0, 
5.0, 240.0, 0.0, 0.0, 0.0, 
6.0, 240.0, 0.0, 0.0, 0.0, 
7.0, 240.0, 0.0, 0.0, 0.0, 
8.0, 240.0, 0.0, 0.0, 0.0, 
9.0, 240.0, 0.0, 0.0, 0.0, 
10.0, 240.0, 0.0, 0.0, 0.0, 
11.0, 240.0, 0.0, 0.0, 0.0, 
12.0, 240.0, 0.0, 0.0, 0.0, 
1.0, 300.0, 0.0, 0.0, 0.0, 
2.0, 300.0, 0.0, 0.0, 0.0, 
3.0, 300.0, 0.0, 0.0, 0.0, 
4.0, 300.0, 0.0, 0.0, 0.0, 
5.0, 300.0, 0.0, 0.0, 0.0, 
6.0, 300.0, 0.0, 0.0, 0.0, 
7.0, 300.0, 0.0, 0.0, 0.0, 
8.0, 300.0, 0.0, 0.0, 0.0, 
9.0, 300.0, 0.0, 0.0, 0.0, 
10.0, 300.0, 0.0, 0.0, 0.0, 
11.0, 300.0, 0.0, 0.0, 0.0, 
12.0, 300.0, 0.0, 0.0, 0.0, 
1.0, 360.0, 0.0, 0.0, 0.0, 
2.0, 360.0, 0.0, 0.0, 0.0, 
3.0, 360.0, 0.0, 0.0, 0.0, 
4.0, 360.0, 0.0, 0.0, 0.0, 
5.0, 360.0, 0.0, 0.0, 0.0, 
6.0, 360.0, 0.0, 0.0, 0.0, 
7.0, 360.0, 0.0, 0.0, 0.0, 
8.0, 360.0, 0.0, 0.0, 0.0, 
9.0, 360.0, 0.0, 0.0, 0.0, 
10.0, 360.0, 0.0, 0.0, 0.0, 
11.0, 360.0, 0.0, 0.0, 0.0, 
12.0, 360.0, 0.0, 0.0, 0.0, 
1.0, 420.0, 0.0, 0.0, 0.0, 
2.0, 420.0, 0.0, 0.0, 0.0, 
3.0, 420.0, 0.0, 0.0, 0.0, 
4.0, 420.0, 0.0, 0.0, 0.0, 
5.0, 420.0, 0.0, 0.0, 0.0, 
6.0, 420.0, 0.0, 0.0, 0.0, 
7.0, 420.0, 0.0, 0.0, 0.0, 
8.0, 420.0, 0.0, 0.0, 0.0, 
9.0, 420.0, 0.0, 0.0, 0.0, 
10.0, 420.0, 0.0, 0.0, 0.0, 
11.0, 420.0, 0.0, 0.0, 0.0, 
12.0, 420.0, 0.0, 0.0, 0.0, 
1.0, 480.0, 0.0, 0.0, 0.0, 
2.0, 480.0, 0.0, 0.0, 0.0, 
3.0, 480.0, 0.0, 0.0, 0.0, 
4.0, 480.0, 0.0, 0.0, 0.0, 
5.0, 480.0, 0.0, 0.0, 0.0, 
6.0, 480.0, 0.0, 0.0, 0.0, 
7.0, 480.0, 0.0, 0.0, 0.0, 
8.0, 480.0, 0.0, 0.0, 0.0, 
9.0, 480.0, 0.0, 0.0, 0.0, 
10.0, 480.0, 0.0, 0.0, 0.0, 
11.0, 480.0, 0.0, 0.0, 0.0, 
12.0, 480.0, 0.0, 0.0, 0.0, 
1.0, 540.0, 0.0, 0.0, 0.0, 
2.0, 540.0, 0.0, 0.0, 0.0, 
3.0, 540.0, 0.0, 0.0, 0.0, 
4.0, 540.0, 0.0, 0.0, 0.0, 
5.0, 540.0, 0.0, 0.0, 0.0, 
6.0, 540.0, 0.0, 0.0, 0.0, 
7.0, 540.0, 0.0, 0.0, 0.0, 
8.0, 540.0, 0.0, 0.0, 0.0, 
9.0, 540.0, 0.0, 0.0, 0.0, 
10.0, 540.0, 0.0, 0.0, 0.0, 
11.0, 540.0, 0.0, 0.0, 0.0, 
12.0, 540.0, 0.0, 0.0, 0.0, 
1.0, 600.0, 0.0, 0.0, 0.0, 
2.0, 600.0, 0.0, 0.0, 0.0, 
3.0, 600.0, 0.0, 0.0, 0.0, 
4.0, 600.0, 0.0, 0.0, 0.0, 
5.0, 600.0, 0.0, 0.0, 0.0, 
6.0, 600.0, 0.0, 0.0, 0.0, 
7.0, 600.0, 0.0, 0.0, 0.0, 
8.0, 600.0, 0.0, 0.0, 0.0, 
9.0, 600.0, 0.0, 0.0, 0.0, 
10.0, 600.0, 0.0, 0.0, 0.0, 
11.0, 600.0, 0.0, 0.0, 0.0, 
12.0, 600.0, 0.0, 0.0, 0.0, 
1.0, 660.0, 0.0, 0.0, 0.0, 
2.0, 660.0, 0.0, 0.0, 0.0, 
3.0, 660.0, 0.0, 0.0, 0.0, 
4.0, 660.0, 0.0, 0.0, 0.0, 
5.0, 660.0, 0.0, 0.0, 0.0, 
6.0, 660.0, 0.0, 0.0, 0.0, 
7.0, 660.0, 0.0, 0.0, 0.0, 
8.0, 660.0, 0.0, 0.0, 0.0, 
9.0, 660.0, 0.0, 0.0, 0.0, 
10.0, 660.0, 0.0, 0.0, 0.0, 
11.0, 660.0, 0.0, 0.0, 0.0, 
12.0, 660.0, 0.0, 0.0, 0.0, 
1.0, 720.0, 0.0, 0.0, 0.0, 
2.0, 720.0, 0.0, 0.0, 0.0, 
3.0, 720.0, 0.0, 0.0, 0.0, 
4.0, 720.0, 0.0, 0.0, 0.0, 
5.0, 720.0, 0.0, 0.0, 0.0, 
6.0, 720.0, 0.0, 0.0, 0.0, 
7.0, 720.0, 0.0, 0.0, 0.0, 
8.0, 720.0, 0.0, 0.0, 0.0, 
9.0, 720.0, 0.0, 0.0, 0.0, 
10.0, 720.0, 0.0, 0.0, 0.0, 
11.0, 720.0, 0.0, 0.0, 0.0, 
12.0, 720.0, 0.0, 0.0, 0.0, 
1.0, 780.0, 0.0, 0.0, 0.0, 
2.0, 780.0, 0.0, 0.0, 0.0, 
3.0, 780.0, 0.0, 0.0, 0.0, 
4.0, 780.0, 0.0, 0.0, 0.0, 
5.0, 780.0, 0.0, 0.0, 0.0, 
6.0, 780.0, 0.0, 0.0, 0.0, 
7.0, 780.0, 0.0, 0.0, 0.0, 
8.0, 780.0, 0.0, 0.0, 0.0, 
9.0, 780.0, 0.0, 0.0, 0.0, 
10.0, 780.0, 0.0, 0.0, 0.0, 
11.0, 780.0, 0.0, 0.0, 0.0, 
12.0, 780.0, 0.0, 0.0, 0.0, 
1.0, 840.0, 0.0, 0.0, 0.0, 
2.0, 840.0, 0.0, 0.0, 0.0, 
3.0, 840.0, 0.0, 0.0, 0.0, 
4.0, 840.0, 0.0, 0.0, 0.0, 
5.0, 840.0, 0.0, 0.0, 0.0, 
6.0, 840.0, 0.0, 0.0, 0.0, 
7.0, 840.0, 0.0, 0.0, 0.0, 
8.0, 840.0, 0.0, 0.0, 0.0, 
9.0, 840.0, 0.0, 0.0, 0.0, 
10.0, 840.0, 0.0, 0.0, 0.0, 
11.0, 840.0, 0.0, 0.0, 0.0, 
12.0, 840.0, 0.0, 0.0, 0.0, 
1.0, 900.0, 0.0, 0.0, 0.0, 
2.0, 900.0, 0.0, 0.0, 0.0, 
3.0, 900.0, 0.0, 0.0, 0.0, 
4.0, 900.0, 0.0, 0.0, 0.0, 
5.0, 900.0, 0.0, 0.0, 0.0, 
6.0, 900.0, 0.0, 0.0, 0.0, 
7.0, 900.0, 0.0, 0.0, 0.0, 
8.0, 900.0, 0.0, 0.0, 0.0, 
9.0, 900.0, 0.0, 0.0, 0.0, 
10.0, 900.0, 0.0, 0.0, 0.0, 
11.0, 900.0, 0.0, 0.0, 0.0, 
12.0, 900.0, 0.0, 0.0, 0.0, 
1.0, 960.0, 0.0, 0.0, 0.0, 
2.0, 960.0, 0.0, 0.0, 0.0, 
3.0, 960.0, 0.0, 0.0, 0.0, 
4.0, 960.0, 0.0, 0.0, 0.0, 
5.0, 960.0, 0.0, 0.0, 0.0, 
6.0, 960.0, 0.0, 0.0, 0.0, 
7.0, 960.0, 0.0, 0.0, 0.0, 
8.0, 960.0, 0.0, 0.0, 0.0, 
9.0, 960.0, 0.0, 0.0, 0.0, 
10.0, 960.0, 0.0, 0.0, 0.0, 
11.0, 960.0, 0.0, 0.0, 0.0, 
12.0, 960.0, 0.0, 0.0, 0.0, 
1.0, 1020.0, 0.0, 0.0, 0.0, 
2.0, 1020.0, 0.0, 0.0, 0.0, 
3.0, 1020.0, 0.0, 0.0, 0.0, 
4.0, 1020.0, 0.0, 0.0, 0.0, 
5.0, 1020.0, 0.0, 0.0, 0.0, 
6.0, 1020.0, 0.0, 0.0, 0.0, 
7.0, 1020.0, 0.0, 0.0, 0.0, 
8.0, 1020.0, 0.0, 0.0, 0.0, 
9.0, 1020.0, 0.0, 0.0, 0.0, 
10.0, 1020.0, 0.0, 0.0, 0.0, 
11.0, 1020.0, 0.0, 0.0, 0.0, 
12.0, 1020.0, 0.0, 0.0, 0.0, 
1.0, 1080.0, 0.0, 0.0, 0.0, 
2.0, 1080.0, 0.0, 0.0, 0.0, 
3.0, 1080.0, 0.0, 0.0, 0.0, 
4.0, 1080.0, 0.0, 0.0, 0.0, 
5.0, 1080.0, 0.0, 0.0, 0.0, 
6.0, 1080.0, 0.0, 0.0, 0.0, 
7.0, 1080.0, 0.0, 0.0, 0.0, 
8.0, 1080.0, 0.0, 0.0, 0.0, 
9.0, 1080.0, 0.0, 0.0, 0.0, 
10.0, 1080.0, 0.0, 0.0, 0.0, 
11.0, 1080.0, 0.0, 0.0, 0.0, 
12.0, 1080.0, 0.0, 0.0, 0.0, 
1.0, 1140.0, 0.0, 0.0, 0.0, 
2.0, 1140.0, 0.0, 0.0, 0.0, 
3.0, 1140.0, 0.0, 0.0, 0.0, 
4.0, 1140.0, 0.0, 0.0, 0.0, 
5.0, 1140.0, 0.0, 0.0, 0.0, 
6.0, 1140.0, 0.0, 0.0, 0.0, 
7.0, 1140.0, 0.0, 0.0, 0.0, 
8.0, 1140.0, 0.0, 0.0, 0.0, 
9.0, 1140.0, 0.0, 0.0, 0.0, 
10.0, 1140.0, 0.0, 0.0, 0.0, 
11.0, 1140.0, 0.0, 0.0, 0.0, 
12.0, 1140.0, 0.0, 0.0, 0.0, 
1.0, 1200.0, 0.0, 0.0, 0.0, 
2.0, 1200.0, 0.0, 0.0, 0.0, 
3.0, 1200.0, 0.0, 0.0, 0.0, 
4.0, 1200.0, 0.0, 0.0, 0.0, 
5.0, 1200.0, 0.0, 0.0, 0.0, 
6.0, 1200.0, 0.0, 0.0, 0.0, 
7.0, 1200.0, 0.0, 0.0, 0.0, 
8.0, 1200.0, 0.0, 0.0, 0.0, 
9.0, 1200.0, 0.0, 0.0, 0.0, 
10.0, 1200.0, 0.0, 0.0, 0.0, 
11.0, 1200.0, 0.0, 0.0, 0.0, 
12.0, 1200.0, 0.0, 0.0, 0.0, 
1.0, 1260.0, 0.0, 0.0, 0.0, 
2.0, 1260.0, 0.0, 0.0, 0.0, 
3.0, 1260.0, 0.0, 0.0, 0.0, 
4.0, 1260.0, 0.0, 0.0, 0.0, 
5.0, 1260.0, 0.0, 0.0, 0.0, 
6.0, 1260.0, 0.0, 0.0, 0.0, 
7.0, 1260.0, 0.0, 0.0, 0.0, 
8.0, 1260.0, 0.0, 0.0, 0.0, 
9.0, 1260.0, 0.0, 0.0, 0.0, 
10.0, 1260.0, 0.0, 0.0, 0.0, 
11.0, 1260.0, 0.0, 0.0, 0.0, 
12.0, 1260.0, 0.0, 0.0, 0.0, 
1.0, 1320.0, 0.0, 0.0, 0.0, 
2.0, 1320.0, 0.0, 0.0, 0.0, 
3.0, 1320.0, 0.0, 0.0, 0.0, 
4.0, 1320.0, 0.0, 0.0, 0.0, 
5.0, 1320.0, 0.0, 0.0, 0.0, 
6.0, 1320.0, 0.0, 0.0, 0.0, 
7.0, 1320.0, 0.0, 0.0, 0.0, 
8.0, 1320.0, 0.0, 0.0, 0.0, 
9.0, 1320.0, 0.0, 0.0, 0.0, 
10.0, 1320.0, 0.0, 0.0, 0.0, 
11.0, 1320.0, 0.0, 0.0, 0.0, 
12.0, 1320.0, 0.0, 0.0, 0.0, 
1.0, 1380.0, 0.0, 0.0, 0.0, 
2.0, 1380.0, 0.0, 0.0, 0.0, 
3.0, 1380.0, 0.0, 0.0, 0.0, 
4.0, 1380.0, 0.0, 0.0, 0.0, 
5.0, 1380.0, 0.0, 0.0, 0.0, 
6.0, 1380.0, 0.0, 0.0, 0.0, 
7.0, 1380.0, 0.0, 0.0, 0.0, 
8.0, 1380.0, 0.0, 0.0, 0.0, 
9.0, 1380.0, 0.0, 0.0, 0.0, 
10.0, 1380.0, 0.0, 0.0, 0.0, 
11.0, 1380.0, 0.0, 0.0, 0.0, 
12.0, 1380.0, 0.0, 0.0, 0.0, 
1.0, 1440.0, 0.0, 0.0, 0.0, 
2.0, 1440.0, 0.0, 0.0, 0.0, 
3.0, 1440.0, 0.0, 0.0, 0.0, 
4.0, 1440.0, 0.0, 0.0, 0.0, 
5.0, 1440.0, 0.0, 0.0, 0.0, 
6.0, 1440.0, 0.0, 0.0, 0.0, 
7.0, 1440.0, 0.0, 0.0, 0.0, 
8.0, 1440.0, 0.0, 0.0, 0.0, 
9.0, 1440.0, 0.0, 0.0, 0.0, 
10.0, 1440.0, 0.0, 0.0, 0.0, 
11.0, 1440.0, 0.0, 0.0, 0.0, 
12.0, 1440.0, 0.0, 0.0, 0.0, 
1.0, 1500.0, 0.0, 0.0, 0.0, 
2.0, 1500.0, 0.0, 0.0, 0.0, 
3.0, 1500.0, 0.0, 0.0, 0.0, 
4.0, 1500.0, 0.0, 0.0, 0.0, 
5.0, 1500.0, 0.0, 0.0, 0.0, 
6.0, 1500.0, 0.0, 0.0, 0.0, 
7.0, 1500.0, 0.0, 0.0, 0.0, 
8.0, 1500.0, 0.0, 0.0, 0.0, 
9.0, 1500.0, 0.0, 0.0, 0.0, 
10.0, 1500.0, 0.0, 0.0, 0.0, 
11.0, 1500.0, 0.0, 0.0, 0.0, 
12.0, 1500.0, 0.0, 0.0, 0.0, 
1.0, 1560.0, 0.0, 0.0, 0.0, 
2.0, 1560.0, 0.0, 0.0, 0.0, 
3.0, 1560.0, 0.0, 0.0, 0.0, 
4.0, 1560.0, 0.0, 0.0, 0.0, 
5.0, 1560.0, 0.0, 0.0, 0.0, 
6.0, 1560.0, 0.0, 0.0, 0.0, 
7.0, 1560.0, 0.0, 0.0, 0.0, 
8.0, 1560.0, 0.0, 0.0, 0.0, 
9.0, 1560.0, 0.0, 0.0, 0.0, 
10.0, 1560.0, 0.0, 0.0, 0.0, 
11.0, 1560.0, 0.0, 0.0, 0.0, 
12.0, 1560.0, 0.0, 0.0, 0.0, 
1.0, 1620.0, 0.0, 0.0, 0.0, 
2.0, 1620.0, 0.0, 0.0, 0.0, 
3.0, 1620.0, 0.0, 0.0, 0.0, 
4.0, 1620.0, 0.0, 0.0, 0.0, 
5.0, 1620.0, 0.0, 0.0, 0.0, 
6.0, 1620.0, 0.0, 0.0, 0.0, 
7.0, 1620.0, 0.0, 0.0, 0.0, 
8.0, 1620.0, 0.0, 0.0, 0.0, 
9.0, 1620.0, 0.0, 0.0, 0.0, 
10.0, 1620.0, 0.0, 0.0, 0.0, 
11.0, 1620.0, 0.0, 0.0, 0.0, 
12.0, 1620.0, 0.0, 0.0, 0.0, 
1.0, 1680.0, 0.0, 0.0, 0.0, 
2.0, 1680.0, 0.0, 0.0, 0.0, 
3.0, 1680.0, 0.0, 0.0, 0.0, 
4.0, 1680.0, 0.0, 0.0, 0.0, 
5.0, 1680.0, 0.0, 0.0, 0.0, 
6.0, 1680.0, 0.0, 0.0, 0.0, 
7.0, 1680.0, 0.0, 0.0, 0.0, 
8.0, 1680.0, 0.0, 0.0, 0.0, 
9.0, 1680.0, 0.0, 0.0, 0.0, 
10.0, 1680.0, 0.0, 0.0, 0.0, 
11.0, 1680.0, 0.0, 0.0, 0.0, 
12.0, 1680.0, 0.0, 0.0, 0.0, 
1.0, 1740.0, 0.0, 0.0, 0.0, 
2.0, 1740.0, 0.0, 0.0, 0.0, 
3.0, 1740.0, 0.0, 0.0, 0.0, 
4.0, 1740.0, 0.0, 0.0, 0.0, 
5.0, 1740.0, 0.0, 0.0, 0.0, 
6.0, 1740.0, 0.0, 0.0, 0.0, 
7.0, 1740.0, 0.0, 0.0, 0.0, 
8.0, 1740.0, 0.0, 0.0, 0.0, 
9.0, 1740.0, 0.0, 0.0, 0.0, 
10.0, 1740.0, 0.0, 0.0, 0.0, 
11.0, 1740.0, 0.0, 0.0, 0.0, 
12.0, 1740.0, 0.0, 0.0, 0.0, 
1.0, 1800.0, 0.0, 0.0, 0.0, 
2.0, 1800.0, 0.0, 0.0, 0.0, 
3.0, 1800.0, 0.0, 0.0, 0.0, 
4.0, 1800.0, 0.0, 0.0, 0.0, 
5.0, 1800.0, 0.0, 0.0, 0.0, 
6.0, 1800.0, 0.0, 0.0, 0.0, 
7.0, 1800.0, 0.0, 0.0, 0.0, 
8.0, 1800.0, 0.0, 0.0, 0.0, 
9.0, 1800.0, 0.0, 0.0, 0.0, 
10.0, 1800.0, 0.0, 0.0, 0.0, 
11.0, 1800.0, 0.0, 0.0, 0.0, 
12.0, 1800.0, 0.0, 0.0, 0.0, 
1.0, 1860.0, 0.0, 0.0, 0.0, 
2.0, 1860.0, 0.0, 0.0, 0.0, 
3.0, 1860.0, 0.0, 0.0, 0.0, 
4.0, 1860.0, 0.0, 0.0, 0.0, 
5.0, 1860.0, 0.0, 0.0, 0.0, 
6.0, 1860.0, 0.0, 0.0, 0.0, 
7.0, 1860.0, 0.0, 0.0, 0.0, 
8.0, 1860.0, 0.0, 0.0, 0.0, 
9.0, 1860.0, 0.0, 0.0, 0.0, 
10.0, 1860.0, 0.0, 0.0, 0.0, 
11.0, 1860.0, 0.0, 0.0, 0.0, 
12.0, 1860.0, 0.0, 0.0, 0.0, 
1.0, 1920.0, 0.0, 0.0, 0.0, 
2.0, 1920.0, 0.0, 0.0, 0.0, 
3.0, 1920.0, 0.0, 0.0, 0.0, 
4.0, 1920.0, 0.0, 0.0, 0.0, 
5.0, 1920.0, 0.0, 0.0, 0.0, 
6.0, 1920.0, 0.0, 0.0, 0.0, 
7.0, 1920.0, 0.0, 0.0, 0.0, 
8.0, 1920.0, 0.0, 0.0, 0.0, 
9.0, 1920.0, 0.0, 0.0, 0.0, 
10.0, 1920.0, 0.0, 0.0, 0.0, 
11.0, 1920.0, 0.0, 0.0, 0.0, 
12.0, 1920.0, 0.0, 0.0, 0.0, 
1.0, 1980.0, 0.0, 0.0, 0.0, 
2.0, 1980.0, 0.0, 0.0, 0.0, 
3.0, 1980.0, 0.0, 0.0, 0.0, 
4.0, 1980.0, 0.0, 0.0, 0.0, 
5.0, 1980.0, 0.0, 0.0, 0.0, 
6.0, 1980.0, 0.0, 0.0, 0.0, 
7.0, 1980.0, 0.0, 0.0, 0.0, 
8.0, 1980.0, 0.0, 0.0, 0.0, 
9.0, 1980.0, 0.0, 0.0, 0.0, 
10.0, 1980.0, 0.0, 0.0, 0.0, 
11.0, 1980.0, 0.0, 0.0, 0.0, 
12.0, 1980.0, 0.0, 0.0, 0.0, 
1.0, 2040.0, 0.0, 0.0, 0.0, 
2.0, 2040.0, 0.0, 0.0, 0.0, 
3.0, 2040.0, 0.0, 0.0, 0.0, 
4.0, 2040.0, 0.0, 0.0, 0.0, 
5.0, 2040.0, 0.0, 0.0, 0.0, 
6.0, 2040.0, 0.0, 0.0, 0.0, 
7.0, 2040.0, 0.0, 0.0, 0.0, 
8.0, 2040.0, 0.0, 0.0, 0.0, 
9.0, 2040.0, 0.0, 0.0, 0.0, 
10.0, 2040.0, 0.0, 0.0, 0.0, 
11.0, 2040.0, 0.0, 0.0, 0.0, 
12.0, 2040.0, 0.0, 0.0, 0.0, 
1.0, 2100.0, 0.0, 0.0, 0.0, 
2.0, 2100.0, 0.0, 0.0, 0.0, 
3.0, 2100.0, 0.0, 0.0, 0.0, 
4.0, 2100.0, 0.0, 0.0, 0.0, 
5.0, 2100.0, 0.0, 0.0, 0.0, 
6.0, 2100.0, 0.0, 0.0, 0.0, 
7.0, 2100.0, 0.0, 0.0, 0.0, 
8.0, 2100.0, 0.0, 0.0, 0.0, 
9.0, 2100.0, 0.0, 0.0, 0.0, 
10.0, 2100.0, 0.0, 0.0, 0.0, 
11.0, 2100.0, 0.0, 0.0, 0.0, 
12.0, 2100.0, 0.0, 0.0, 0.0, 
1.0, 2160.0, 0.0, 0.0, 0.0, 
2.0, 2160.0, 0.0, 0.0, 0.0, 
3.0, 2160.0, 0.0, 0.0, 0.0, 
4.0, 2160.0, 0.0, 0.0, 0.0, 
5.0, 2160.0, 0.0, 0.0, 0.0, 
6.0, 2160.0, 0.0, 0.0, 0.0, 
7.0, 2160.0, 0.0, 0.0, 0.0, 
8.0, 2160.0, 0.0, 0.0, 0.0, 
9.0, 2160.0, 0.0, 0.0, 0.0, 
10.0, 2160.0, 0.0, 0.0, 0.0, 
11.0, 2160.0, 0.0, 0.0, 0.0, 
12.0, 2160.0, 0.0, 0.0, 0.0, 
1.0, 2220.0, 0.0, 0.0, 0.0, 
2.0, 2220.0, 0.0, 0.0, 0.0, 
3.0, 2220.0, 0.0, 0.0, 0.0, 
4.0, 2220.0, 0.0, 0.0, 0.0, 
5.0, 2220.0, 0.0, 0.0, 0.0, 
6.0, 2220.0, 0.0, 0.0, 0.0, 
7.0, 2220.0, 0.0, 0.0, 0.0, 
8.0, 2220.0, 0.0, 0.0, 0.0, 
9.0, 2220.0, 0.0, 0.0, 0.0, 
10.0, 2220.0, 0.0, 0.0, 0.0, 
11.0, 2220.0, 0.0, 0.0, 0.0, 
12.0, 2220.0, 0.0, 0.0, 0.0, 
1.0, 2280.0, 0.0, 0.0, 0.0, 
2.0, 2280.0, 0.0, 0.0, 0.0, 
3.0, 2280.0, 0.0, 0.0, 0.0, 
4.0, 2280.0, 0.0, 0.0, 0.0, 
5.0, 2280.0, 0.0, 0.0, 0.0, 
6.0, 2280.0, 0.0, 0.0, 0.0, 
7.0, 2280.0, 0.0, 0.0, 0.0, 
8.0, 2280.0, 0.0, 0.0, 0.0, 
9.0, 2280.0, 0.0, 0.0, 0.0, 
10.0, 2280.0, 0.0, 0.0, 0.0, 
11.0, 2280.0, 0.0, 0.0, 0.0, 
12.0, 2280.0, 0.0, 0.0, 0.0, 
1.0, 2340.0, 0.0, 0.0, 0.0, 
2.0, 2340.0, 0.0, 0.0, 0.0, 
3.0, 2340.0, 0.0, 0.0, 0.0, 
4.0, 2340.0, 0.0, 0.0, 0.0, 
5.0, 2340.0, 0.0, 0.0, 0.0, 
6.0, 2340.0, 0.0, 0.0, 0.0, 
7.0, 2340.0, 0.0, 0.0, 0.0, 
8.0, 2340.0, 0.0, 0.0, 0.0, 
9.0, 2340.0, 0.0, 0.0, 0.0, 
10.0, 2340.0, 0.0, 0.0, 0.0, 
11.0, 2340.0, 0.0, 0.0, 0.0, 
12.0, 2340.0, 0.0, 0.0, 0.0, 
1.0, 2400.0, 0.0, 0.0, 0.0, 
2.0, 2400.0, 0.0, 0.0, 0.0, 
3.0, 2400.0, 0.0, 0.0, 0.0, 
4.0, 2400.0, 0.0, 0.0, 0.0, 
5.0, 2400.0, 0.0, 0.0, 0.0, 
6.0, 2400.0, 0.0, 0.0, 0.0, 
7.0, 2400.0, 0.0, 0.0, 0.0, 
8.0, 2400.0, 0.0, 0.0, 0.0, 
9.0, 2400.0, 0.0, 0.0, 0.0, 
10.0, 2400.0, 0.0, 0.0, 0.0, 
11.0, 2400.0, 0.0, 0.0, 0.0, 
12.0, 2400.0, 0.0, 0.0, 0.0, 
1.0, 2460.0, 0.0, 0.0, 0.0, 
2.0, 2460.0, 0.0, 0.0, 0.0, 
3.0, 2460.0, 0.0, 0.0, 0.0, 
4.0, 2460.0, 0.0, 0.0, 0.0, 
5.0, 2460.0, 0.0, 0.0, 0.0, 
6.0, 2460.0, 0.0, 0.0, 0.0, 
7.0, 2460.0, 0.0, 0.0, 0.0, 
8.0, 2460.0, 0.0, 0.0, 0.0, 
9.0, 2460.0, 0.0, 0.0, 0.0, 
10.0, 2460.0, 0.0, 0.0, 0.0, 
11.0, 2460.0, 0.0, 0.0, 0.0, 
12.0, 2460.0, 0.0, 0.0, 0.0, 
1.0, 2520.0, 0.0, 0.0, 0.0, 
2.0, 2520.0, 0.0, 0.0, 0.0, 
3.0, 2520.0, 0.0, 0.0, 0.0, 
4.0, 2520.0, 0.0, 0.0, 0.0, 
5.0, 2520.0, 0.0, 0.0, 0.0, 
6.0, 2520.0, 0.0, 0.0, 0.0, 
7.0, 2520.0, 0.0, 0.0, 0.0, 
8.0, 2520.0, 0.0, 0.0, 0.0, 
9.0, 2520.0, 0.0, 0.0, 0.0, 
10.0, 2520.0, 0.0, 0.0, 0.0, 
11.0, 2520.0, 0.0, 0.0, 0.0, 
12.0, 2520.0, 0.0, 0.0, 0.0, 
1.0, 2580.0, 0.0, 0.0, 0.0, 
2.0, 2580.0, 0.0, 0.0, 0.0, 
3.0, 2580.0, 0.0, 0.0, 0.0, 
4.0, 2580.0, 0.0, 0.0, 0.0, 
5.0, 2580.0, 0.0, 0.0, 0.0, 
6.0, 2580.0, 0.0, 0.0, 0.0, 
7.0, 2580.0, 0.0, 0.0, 0.0, 
8.0, 2580.0, 0.0, 0.0, 0.0, 
9.0, 2580.0, 0.0, 0.0, 0.0, 
10.0, 2580.0, 0.0, 0.0, 0.0, 
11.0, 2580.0, 0.0, 0.0, 0.0, 
12.0, 2580.0, 0.0, 0.0, 0.0, 
1.0, 2640.0, 0.0, 0.0, 0.0, 
2.0, 2640.0, 0.0, 0.0, 0.0, 
3.0, 2640.0, 0.0, 0.0, 0.0, 
4.0, 2640.0, 0.0, 0.0, 0.0, 
5.0, 2640.0, 0.0, 0.0, 0.0, 
6.0, 2640.0, 0.0, 0.0, 0.0, 
7.0, 2640.0, 0.0, 0.0, 0.0, 
8.0, 2640.0, 0.0, 0.0, 0.0, 
9.0, 2640.0, 0.0, 0.0, 0.0, 
10.0, 2640.0, 0.0, 0.0, 0.0, 
11.0, 2640.0, 0.0, 0.0, 0.0, 
12.0, 2640.0, 0.0, 0.0, 0.0, 
